0 1 [635, 729, 722, 534, 598]
1 2 [660, 526, 618, 479, 675]
2 3 [468, 662, 716, 653, 452]
3 4 [706, 577, 611, 453, 497]
4 5 [516, 612, 731, 733, 737]
5 6 [508, 511, 563, 724, 703]
6 7 [469, 556, 522, 481, 625]
7 8 [458, 597, 587, 551, 740]
8 9 [522, 472, 708, 521, 624]
9 10 [466, 477, 622, 758, 595]
10 11 [603, 453, 604, 699, 684]
11 12 [643, 709, 537, 503, 558]
12 13 [542, 638, 645, 556, 694]
13 14 [499, 471, 647, 672, 457]
14 15 [721, 680, 614, 537, 552]
15 16 [493, 619, 602, 639, 548]
16 17 [663, 758, 476, 613, 743]
17 18 [550, 715, 702, 714, 695]
18 19 [462, 531, 711, 615, 749]
19 20 [720, 688, 725, 465, 494]
20 21 [551, 478, 605, 609, 652]
21 22 [630, 551, 620, 726, 541]
22 23 [755, 541, 617, 761, 490]
23 24 [627, 617, 736, 706, 538]
24 25 [559, 691, 644, 575, 572]
25 26 [462, 564, 610, 702, 498]
26 27 [684, 630, 596, 526, 524]
27 28 [593, 580, 760, 689, 457]
28 29 [621, 461, 647, 563, 725]
29 30 [746, 460, 477, 480, 701]
30 31 [648, 622, 663, 664, 727]
31 32 [459, 572, 757, 626, 684]
32 33 [669, 568, 751, 663, 459]
33 34 [614, 730, 535, 760, 608]
34 35 [697, 667, 728, 650, 645]
35 36 [480, 535, 687, 636, 747]
36 37 [485, 735, 542, 480, 665]
37 38 [544, 534, 747, 618, 586]
38 39 [699, 758, 743, 481, 742]
39 40 [643, 649, 539, 492, 730]
40 41 [734, 626, 517, 602, 702]
41 42 [617, 499, 574, 765, 516]
42 43 [488, 678, 647, 609, 563]
43 44 [561, 580, 650, 597, 755]
44 45 [501, 500, 477, 590, 534]
45 46 [746, 689, 594, 475, 749]
46 47 [463, 650, 764, 759, 476]
47 48 [620, 698, 494, 573, 695]
48 49 [537, 610, 756, 657, 615]
49 50 [651, 747, 503, 550, 509]
50 51 [671, 565, 517, 667, 681]
51 52 [757, 548, 469, 561, 532]
52 53 [576, 642, 533, 551, 583]
53 54 [694, 683, 695, 471, 635]
54 55 [616, 704, 691, 727, 497]
55 56 [581, 560, 677, 726, 744]
56 57 [678, 453, 715, 562, 553]
57 58 [690, 476, 494, 729, 728]
58 59 [613, 612, 666, 551, 566]
59 60 [654, 705, 462, 452, 685]
60 61 [460, 589, 646, 491, 523]
61 62 [683, 556, 458, 543, 466]
62 63 [593, 528, 508, 609, 734]
63 64 [481, 557, 574, 524, 739]
64 65 [734, 664, 535, 481, 687]
65 66 [741, 561, 743, 591, 663]
66 67 [591, 516, 672, 636, 512]
67 68 [629, 589, 505, 608, 553]
68 69 [763, 483, 565, 645, 725]
69 70 [502, 547, 453, 596, 470]
70 71 [452, 514, 619, 605, 591]
71 72 [666, 591, 449, 614, 758]
72 73 [688, 733, 560, 568, 764]
73 74 [734, 519, 689, 668, 528]
74 75 [626, 484, 683, 659, 687]
75 76 [659, 577, 703, 635, 561]
76 77 [471, 448, 511, 535, 558]
77 78 [556, 733, 729, 512, 591]
78 79 [556, 574, 710, 484, 610]
79 80 [632, 762, 517, 624, 731]
80 81 [589, 609, 635, 642, 611]
81 82 [675, 549, 490, 679, 676]
82 83 [709, 472, 725, 591, 520]
83 84 [541, 744, 499, 715, 745]
84 85 [617, 702, 557, 529, 568]
85 86 [461, 701, 504, 640, 505]
86 87 [731, 524, 736, 497, 501]
87 88 [645, 489, 743, 707, 628]
88 89 [686, 616, 530, 474, 724]
89 90 [462, 644, 553, 682, 521]
90 91 [498, 749, 485, 451, 577]
91 92 [510, 519, 607, 759, 729]
92 93 [717, 713, 549, 607, 687]
93 94 [659, 466, 587, 741, 632]
94 95 [465, 472, 524, 512, 627]
95 96 [528, 595, 543, 535, 456]
96 97 [653, 533, 670, 664, 677]
97 98 [584, 507, 608, 500, 575]
98 99 [657, 557, 502, 506, 497]
99 100 [471, 484, 485, 690, 623]
100 101 [637, 704, 459, 556, 663]
101 102 [633, 722, 643, 705, 462]
102 103 [747, 700, 538, 586, 563]
103 104 [498, 755, 579, 529, 747]
104 105 [714, 576, 460, 537, 603]
105 106 [514, 745, 618, 581, 704]
106 107 [756, 655, 606, 605, 589]
107 108 [513, 632, 475, 736, 614]
108 109 [609, 531, 584, 615, 517]
109 110 [490, 671, 560, 616, 705]
110 111 [730, 678, 675, 519, 617]
111 112 [463, 750, 680, 458, 497]
112 113 [713, 584, 505, 621, 709]
113 114 [454, 536, 645, 725, 628]
114 115 [592, 493, 708, 705, 752]
115 116 [681, 761, 510, 497, 552]
116 117 [573, 526, 576, 754, 759]
117 118 [750, 747, 587, 496, 759]
118 119 [493, 635, 618, 587, 706]
119 120 [619, 512, 689, 665, 724]
120 121 [553, 704, 671, 564, 631]
121 122 [667, 725, 652, 513, 632]
122 123 [623, 476, 615, 524, 472]
123 124 [593, 757, 464, 707, 468]
124 125 [753, 553, 503, 608, 683]
125 126 [555, 626, 664, 599, 452]
126 127 [463, 756, 579, 759, 650]
127 128 [500, 531, 702, 560, 524]
128 129 [515, 470, 718, 623, 522]
129 130 [646, 455, 567, 754, 585]
130 131 [582, 765, 667, 742, 617]
131 132 [727, 656, 452, 492, 653]
132 133 [653, 663, 607, 527, 720]
133 134 [682, 513, 587, 752, 534]
134 135 [562, 633, 750, 556, 488]
135 136 [765, 612, 478, 605, 571]
136 137 [568, 527, 570, 742, 580]
137 138 [493, 684, 668, 474, 762]
138 139 [605, 640, 654, 593, 606]
139 140 [685, 452, 731, 607, 712]
140 141 [612, 645, 657, 675, 678]
141 142 [758, 481, 765, 627, 583]
142 143 [473, 661, 724, 719, 695]
143 144 [492, 765, 624, 699, 625]
144 145 [706, 626, 684, 461, 586]
145 146 [488, 762, 584, 705, 739]
146 147 [734, 533, 479, 711, 686]
147 148 [605, 488, 455, 680, 587]
148 149 [562, 714, 558, 674, 570]
149 150 [758, 658, 628, 582, 636]
150 151 [672, 712, 539, 688, 469]
151 152 [750, 701, 603, 543, 465]
152 153 [695, 464, 496, 700, 520]
153 154 [693, 714, 735, 745, 547]
154 155 [459, 546, 561, 585, 467]
155 156 [462, 716, 548, 710, 498]
156 157 [746, 584, 480, 495, 550]
157 158 [722, 587, 513, 645, 449]
158 159 [538, 511, 712, 455, 706]
159 160 [722, 553, 567, 748, 559]
160 161 [497, 618, 754, 750, 714]
161 162 [680, 669, 459, 686, 497]
162 163 [609, 597, 682, 515, 738]
163 164 [540, 474, 739, 755, 592]
164 165 [734, 714, 718, 690, 651]
165 166 [607, 745, 489, 658, 463]
166 167 [528, 707, 500, 602, 676]
167 168 [687, 653, 750, 702, 626]
168 169 [540, 571, 601, 725, 686]
169 170 [706, 533, 637, 495, 461]
170 171 [550, 654, 459, 695, 598]
171 172 [703, 644, 448, 721, 763]
172 173 [614, 570, 731, 475, 582]
173 174 [670, 560, 459, 677, 608]
174 175 [684, 660, 600, 559, 492]
175 176 [466, 699, 457, 714, 597]
176 177 [704, 744, 545, 497, 697]
177 178 [636, 475, 571, 519, 485]
178 179 [653, 524, 741, 728, 550]
179 180 [619, 512, 496, 573, 558]
180 181 [695, 711, 558, 623, 706]
181 182 [590, 602, 498, 749, 517]
182 183 [701, 760, 525, 569, 577]
183 184 [754, 521, 536, 761, 629]
184 185 [518, 522, 527, 668, 463]
185 186 [724, 516, 465, 560, 530]
186 187 [601, 675, 680, 695, 762]
187 188 [739, 703, 643, 523, 542]
188 189 [756, 536, 723, 546, 548]
189 190 [604, 762, 500, 499, 646]
190 191 [486, 625, 713, 712, 488]
191 192 [632, 518, 516, 742, 475]
192 193 [618, 584, 451, 692, 592]
193 194 [457, 465, 708, 542, 536]
194 195 [704, 688, 661, 600, 567]
195 196 [538, 543, 493, 466, 454]
196 197 [668, 588, 712, 756, 583]
197 198 [753, 586, 718, 735, 762]
198 199 [493, 599, 729, 732, 727]
199 200 [548, 637, 512, 552, 676]
200 201 [464, 613, 684, 509, 537]
201 202 [552, 465, 629, 460, 647]
202 203 [718, 494, 759, 742, 556]
203 204 [564, 479, 722, 575, 726]
204 205 [519, 590, 605, 463, 524]
205 206 [465, 754, 683, 753, 643]
206 207 [754, 660, 542, 642, 570]
207 208 [632, 471, 561, 688, 465]
208 209 [720, 559, 629, 710, 613]
209 210 [506, 680, 701, 477, 567]
210 211 [726, 544, 702, 640, 763]
211 212 [549, 508, 700, 758, 593]
212 213 [533, 539, 702, 722, 644]
213 214 [479, 544, 614, 580, 537]
214 215 [714, 537, 472, 687, 530]
215 216 [600, 728, 559, 611, 590]
216 217 [619, 745, 661, 481, 479]
217 218 [642, 645, 633, 485, 752]
218 219 [474, 727, 629, 639, 625]
219 220 [475, 698, 557, 460, 723]
220 221 [461, 703, 608, 704, 474]
221 222 [629, 453, 587, 617, 569]
222 223 [755, 557, 568, 626, 553]
223 224 [462, 565, 687, 602, 648]
224 225 [531, 537, 526, 554, 642]
225 226 [640, 708, 525, 589, 644]
226 227 [524, 691, 499, 727, 626]
227 228 [657, 672, 585, 449, 532]
228 229 [661, 604, 678, 556, 540]
229 230 [460, 586, 455, 467, 600]
230 231 [724, 500, 763, 668, 688]
231 232 [682, 555, 533, 593, 455]
232 233 [762, 448, 564, 643, 572]
233 234 [545, 752, 724, 509, 566]
234 235 [621, 454, 601, 754, 688]
235 236 [505, 752, 621, 738, 680]
236 237 [534, 473, 672, 689, 608]
237 238 [678, 715, 497, 608, 642]
238 239 [448, 600, 489, 620, 488]
239 240 [742, 455, 666, 669, 468]
240 241 [655, 489, 637, 527, 564]
241 242 [494, 660, 567, 725, 620]
242 243 [631, 545, 514, 543, 492]
243 244 [530, 509, 726, 743, 740]
244 245 [745, 498, 559, 629, 588]
245 246 [617, 725, 704, 628, 681]
246 247 [619, 709, 608, 464, 474]
247 248 [704, 538, 618, 740, 710]
248 249 [530, 669, 632, 633, 688]
249 250 [690, 643, 475, 471, 640]
250 251 [581, 736, 701, 494, 689]
251 252 [603, 646, 487, 579, 546]
252 253 [518, 558, 662, 564, 608]
253 254 [690, 450, 668, 506, 517]
254 255 [655, 737, 727, 556, 555]
255 256 [520, 625, 631, 493, 689]
256 257 [562, 610, 619, 502, 525]
257 258 [463, 655, 530, 573, 658]
258 259 [679, 666, 556, 682, 655]
259 260 [573, 603, 515, 656, 687]
260 261 [448, 618, 714, 595, 474]
261 262 [625, 724, 755, 586, 540]
262 263 [763, 498, 465, 468, 733]
263 264 [584, 738, 719, 570, 548]
264 265 [676, 460, 581, 692, 537]
265 266 [491, 705, 753, 468, 490]
266 267 [603, 646, 659, 579, 740]
267 268 [652, 553, 665, 589, 644]
268 269 [632, 533, 670, 757, 706]
269 270 [574, 696, 471, 693, 567]
270 271 [751, 519, 752, 449, 739]
271 272 [601, 655, 612, 677, 736]
272 273 [505, 713, 680, 493, 740]
273 274 [571, 460, 641, 657, 586]
274 275 [692, 493, 466, 624, 565]
275 276 [544, 735, 666, 583, 581]
276 277 [517, 749, 576, 518, 541]
277 278 [607, 556, 673, 669, 485]
278 279 [512, 752, 486, 655, 531]
279 280 [732, 670, 649, 470, 622]
280 281 [701, 646, 546, 491, 544]
281 282 [727, 476, 597, 593, 562]
282 283 [723, 732, 552, 763, 718]
283 284 [591, 687, 676, 453, 478]
284 285 [448, 606, 699, 460, 603]
285 286 [474, 524, 522, 660, 489]
286 287 [647, 559, 537, 695, 587]
287 288 [664, 514, 703, 613, 554]
288 289 [708, 618, 556, 630, 539]
289 290 [547, 593, 713, 653, 705]
290 291 [594, 458, 703, 613, 706]
291 292 [714, 698, 617, 456, 478]
292 293 [698, 651, 732, 584, 497]
293 294 [595, 644, 488, 695, 746]
294 295 [526, 566, 548, 531, 762]
295 296 [759, 695, 676, 463, 761]
296 297 [609, 693, 689, 581, 751]
297 298 [733, 585, 632, 577, 581]
298 299 [691, 506, 530, 567, 675]
299 300 [611, 537, 467, 481, 527]
300 301 [619, 730, 450, 610, 712]
301 302 [492, 670, 555, 591, 684]
302 303 [526, 530, 588, 735, 489]
303 304 [708, 536, 635, 471, 541]
304 305 [480, 740, 546, 765, 757]
305 306 [762, 524, 583, 757, 609]
306 307 [680, 624, 677, 733, 457]
307 308 [755, 577, 723, 579, 466]
308 309 [544, 722, 591, 693, 758]
309 310 [697, 712, 607, 599, 549]
310 311 [675, 569, 549, 572, 482]
311 312 [671, 510, 454, 593, 463]
312 313 [519, 646, 669, 570, 678]
313 314 [552, 682, 461, 572, 670]
314 315 [634, 764, 497, 479, 754]
315 316 [593, 634, 542, 581, 651]
316 317 [474, 747, 664, 594, 760]
317 318 [566, 705, 459, 488, 604]
318 319 [586, 512, 751, 468, 514]
319 320 [669, 751, 574, 659, 451]
320 321 [626, 596, 609, 552, 527]
321 322 [530, 706, 755, 625, 541]
322 323 [491, 486, 584, 515, 764]
323 324 [619, 681, 697, 659, 586]
324 325 [662, 738, 749, 474, 676]
325 326 [500, 589, 609, 453, 541]
326 327 [572, 514, 715, 701, 600]
327 328 [581, 583, 651, 479, 681]
328 329 [726, 543, 477, 613, 559]
329 330 [693, 726, 673, 562, 753]
330 331 [728, 457, 763, 674, 649]
331 332 [560, 699, 641, 691, 583]
332 333 [610, 762, 651, 648, 645]
333 334 [495, 540, 507, 683, 718]
334 335 [712, 555, 737, 718, 749]
335 336 [727, 588, 450, 528, 697]
336 337 [728, 750, 582, 536, 702]
337 338 [529, 685, 623, 697, 603]
338 339 [684, 736, 501, 748, 451]
339 340 [639, 532, 755, 663, 501]
340 341 [553, 684, 602, 618, 635]
341 342 [634, 644, 510, 755, 752]
342 343 [561, 451, 702, 481, 721]
343 344 [706, 460, 564, 695, 470]
344 345 [480, 644, 620, 560, 704]
345 346 [628, 746, 597, 621, 698]
346 347 [581, 744, 451, 577, 713]
347 348 [744, 523, 484, 670, 763]
348 349 [530, 673, 590, 678, 472]
349 350 [729, 527, 547, 581, 751]
350 351 [555, 480, 692, 537, 672]
351 352 [633, 499, 690, 466, 688]
352 353 [666, 614, 758, 650, 639]
353 354 [542, 603, 661, 693, 638]
354 355 [490, 509, 557, 451, 744]
355 356 [745, 523, 629, 725, 683]
356 357 [674, 515, 648, 553, 673]
357 358 [644, 448, 737, 543, 521]
358 359 [579, 533, 454, 638, 499]
359 360 [765, 596, 449, 684, 472]
360 361 [490, 729, 720, 453, 560]
361 362 [583, 744, 575, 461, 756]
362 363 [497, 737, 452, 575, 486]
363 364 [453, 557, 721, 477, 550]
364 365 [489, 642, 552, 448, 560]
365 366 [653, 488, 599, 668, 652]
366 367 [608, 617, 612, 487, 570]
367 368 [479, 764, 733, 698, 559]
368 369 [546, 566, 619, 672, 633]
369 370 [689, 583, 572, 731, 509]
370 371 [645, 638, 545, 585, 547]
371 372 [739, 449, 700, 576, 668]
372 373 [695, 576, 646, 758, 456]
373 374 [753, 680, 539, 673, 519]
374 375 [497, 554, 471, 756, 644]
375 376 [470, 509, 720, 454, 642]
376 377 [649, 463, 516, 763, 573]
377 378 [707, 660, 659, 497, 689]
378 379 [682, 523, 679, 546, 625]
379 380 [552, 645, 527, 627, 524]
380 381 [500, 753, 676, 659, 544]
381 382 [539, 626, 517, 453, 698]
382 383 [644, 675, 617, 484, 722]
383 384 [610, 707, 507, 629, 664]
384 385 [520, 478, 644, 727, 554]
385 386 [647, 580, 486, 450, 535]
386 387 [660, 573, 738, 552, 509]
387 388 [672, 527, 750, 556, 536]
388 389 [509, 530, 559, 647, 616]
389 390 [544, 455, 737, 607, 635]
390 391 [544, 748, 579, 626, 663]
391 392 [560, 491, 727, 545, 627]
392 393 [663, 504, 665, 650, 522]
393 394 [519, 593, 574, 513, 564]
394 395 [502, 543, 590, 482, 669]
395 396 [706, 760, 678, 568, 754]
396 397 [591, 696, 746, 658, 523]
397 398 [601, 638, 752, 702, 653]
398 399 [583, 723, 620, 639, 567]
399 400 [613, 485, 457, 517, 739]
400 401 [483, 687, 699, 689, 529]
401 402 [518, 708, 598, 728, 723]
402 403 [605, 531, 534, 725, 659]
403 404 [511, 489, 459, 690, 513]
404 405 [453, 726, 607, 594, 598]
405 406 [738, 613, 455, 647, 476]
406 407 [572, 676, 741, 531, 689]
407 408 [764, 463, 748, 713, 756]
408 409 [554, 464, 489, 588, 469]
409 410 [661, 488, 591, 730, 704]
410 411 [655, 451, 577, 660, 611]
411 412 [688, 686, 590, 533, 703]
412 413 [588, 476, 469, 596, 638]
413 414 [585, 735, 453, 637, 625]
414 415 [546, 650, 668, 643, 549]
415 416 [667, 499, 514, 713, 748]
416 417 [557, 451, 715, 689, 513]
417 418 [679, 719, 579, 562, 469]
418 419 [606, 700, 638, 680, 523]
419 420 [470, 494, 749, 546, 634]
420 421 [489, 718, 534, 709, 714]
421 422 [581, 519, 749, 705, 470]
422 423 [672, 734, 580, 526, 487]
423 424 [574, 713, 643, 509, 573]
424 425 [515, 586, 636, 763, 760]
425 426 [637, 707, 495, 555, 608]
426 427 [676, 629, 525, 594, 522]
427 428 [728, 527, 573, 507, 466]
428 429 [753, 657, 697, 475, 527]
429 430 [630, 619, 634, 753, 763]
430 431 [567, 620, 653, 746, 498]
431 432 [754, 547, 491, 690, 624]
432 433 [581, 604, 476, 568, 758]
433 434 [759, 645, 622, 573, 461]
434 435 [671, 583, 521, 594, 679]
435 436 [487, 484, 765, 475, 748]
436 437 [658, 748, 601, 693, 595]
437 438 [491, 632, 624, 498, 456]
438 439 [669, 493, 752, 636, 626]
439 440 [615, 690, 554, 495, 536]
440 441 [454, 610, 654, 744, 609]
441 442 [526, 589, 676, 748, 684]
442 443 [566, 554, 522, 614, 531]
443 444 [539, 522, 573, 719, 538]
444 445 [534, 486, 645, 628, 732]
445 446 [645, 482, 642, 530, 516]
446 447 [529, 714, 548, 482, 625]
448 449 [634, 577, 422, 689, 532]
449 450 [669, 585, 279, 631, 134]
450 451 [36, 676, 589, 435, 342]
451 452 [224, 149, 618, 684, 169]
452 453 [199, 196, 138, 239, 497]
453 454 [242, 622, 381, 695, 717]
454 455 [652, 570, 698, 519, 748]
455 456 [139, 722, 102, 405, 69]
456 457 [363, 447, 555, 320, 723]
457 458 [255, 281, 131, 303, 500]
458 459 [398, 299, 142, 341, 667]
459 460 [157, 660, 708, 44, 214]
460 461 [99, 401, 59, 613, 135]
461 462 [636, 317, 362, 134, 531]
462 463 [170, 213, 406, 68, 262]
463 464 [510, 708, 337, 305, 501]
464 465 [543, 591, 80, 576, 521]
465 466 [608, 64, 389, 394, 680]
466 467 [12, 717, 137, 760, 180]
467 468 [655, 134, 601, 296, 403]
468 469 [24, 544, 659, 387, 84]
469 470 [621, 385, 553, 596, 174]
470 471 [249, 642, 562, 399, 41]
471 472 [112, 758, 622, 650, 397]
472 473 [59, 685, 261, 25, 521]
473 474 [651, 365, 39, 425, 288]
474 475 [126, 379, 234, 355, 691]
475 476 [110, 748, 149, 175, 683]
476 477 [223, 625, 692, 376, 87]
477 478 [298, 539, 365, 652, 357]
478 479 [493, 369, 601, 410, 703]
479 480 [750, 114, 560, 631, 537]
480 481 [134, 381, 434, 280, 763]
481 482 [155, 16, 330, 136, 357]
482 483 [146, 215, 383, 638, 378]
483 484 [372, 47, 279, 762, 696]
484 485 [729, 639, 175, 244, 516]
485 486 [61, 569, 143, 266, 752]
486 487 [751, 364, 332, 335, 101]
488 489 [679, 12, 485, 717, 443]
489 490 [393, 673, 36, 479, 303]
490 491 [432, 162, 729, 236, 153]
491 492 [442, 136, 266, 729, 438]
492 493 [374, 272, 184, 250, 332]
493 494 [319, 242, 65, 74, 158]
494 495 [176, 170, 269, 68, 475]
495 496 [666, 7, 294, 685, 633]
496 497 [653, 160, 69, 764, 481]
497 498 [205, 101, 394, 391, 395]
498 499 [371, 102, 39, 722, 119]
499 500 [269, 433, 23, 683, 106]
500 501 [47, 161, 413, 218, 46]
501 502 [741, 291, 668, 708, 178]
502 503 [459, 486, 288, 40, 279]
503 504 [119, 468, 628, 636, 664]
504 505 [21, 130, 673, 707, 102]
505 506 [430, 8, 177, 408, 22]
506 507 [255, 458, 86, 155, 383]
507 508 [707, 296, 447, 214, 628]
508 509 [112, 321, 403, 10, 229]
509 510 [704, 425, 396, 744, 239]
510 511 [229, 294, 753, 479, 250]
511 512 [685, 175, 87, 170, 157]
512 513 [458, 304, 334, 201, 132]
513 514 [300, 287, 241, 158, 276]
514 515 [139, 438, 639, 122, 749]
515 516 [9, 358, 239, 400, 45]
516 517 [658, 93, 111, 359, 684]
517 518 [747, 628, 409, 469, 627]
518 519 [405, 344, 41, 201, 476]
519 520 [163, 698, 136, 300, 632]
520 521 [180, 682, 238, 42, 410]
521 522 [731, 196, 200, 658, 619]
522 523 [425, 475, 253, 202, 683]
523 524 [630, 265, 200, 764, 440]
524 525 [715, 665, 270, 118, 211]
525 526 [386, 617, 15, 273, 13]
526 527 [144, 720, 691, 401, 111]
527 528 [446, 402, 62, 400, 207]
528 529 [339, 319, 385, 717, 293]
529 530 [623, 211, 372, 145, 333]
530 531 [435, 346, 485, 201, 35]
531 532 [656, 620, 454, 469, 86]
532 533 [63, 338, 15, 238, 59]
533 534 [93, 105, 625, 38, 673]
534 535 [137, 441, 164, 620, 618]
535 536 [284, 386, 153, 626, 145]
536 537 [195, 319, 414, 316, 204]
537 538 [457, 412, 89, 177, 378]
538 539 [303, 263, 190, 167, 285]
539 540 [305, 114, 443, 57, 19]
540 541 [700, 675, 233, 676, 651]
541 542 [715, 262, 130, 150, 607]
542 543 [33, 141, 103, 376, 687]
543 544 [78, 223, 132, 685, 405]
544 545 [426, 17, 403, 48, 307]
545 546 [387, 120, 57, 108, 324]
546 547 [706, 160, 756, 425, 721]
547 548 [333, 471, 334, 292, 668]
548 549 [100, 277, 758, 12, 393]
549 550 [466, 738, 699, 729, 296]
550 551 [65, 177, 739, 73, 244]
551 552 [6, 279, 95, 183, 308]
552 553 [109, 417, 401, 761, 751]
553 554 [151, 149, 243, 329, 50]
554 555 [330, 439, 726, 230, 23]
555 556 [363, 418, 477, 38, 419]
556 557 [92, 620, 342, 79, 22]
557 558 [679, 71, 38, 213, 487]
558 559 [16, 408, 708, 616, 752]
559 560 [386, 110, 345, 192, 743]
560 561 [33, 330, 246, 294, 4]
561 562 [420, 734, 452, 49, 404]
562 563 [7, 676, 112, 763, 417]
563 564 [248, 385, 370, 608, 8]
564 565 [237, 422, 403, 257, 30]
565 566 [213, 412, 391, 675, 761]
566 567 [471, 206, 161, 617, 140]
567 568 [307, 234, 185, 695, 139]
568 569 [687, 225, 147, 431, 350]
569 570 [278, 185, 393, 107, 648]
570 571 [649, 638, 447, 93, 321]
571 572 [655, 322, 637, 117, 266]
572 573 [435, 737, 456, 298, 703]
573 574 [722, 280, 150, 645, 297]
574 575 [350, 113, 478, 614, 397]
575 576 [370, 265, 151, 78, 146]
576 577 [155, 464, 320, 742, 248]
577 578 [153, 12, 647, 477, 111]
578 579 [187, 357, 624, 654, 360]
579 580 [97, 52, 13, 150, 194]
580 581 [145, 254, 703, 635, 481]
581 582 [684, 620, 469, 34, 617]
582 583 [5, 245, 763, 628, 284]
583 584 [294, 636, 166, 7, 455]
584 585 [352, 221, 667, 393, 419]
585 586 [383, 762, 393, 675, 189]
586 587 [138, 416, 229, 386, 480]
587 588 [248, 320, 379, 219, 16]
588 589 [348, 462, 421, 213, 209]
589 590 [176, 183, 154, 617, 103]
590 591 [203, 201, 664, 345, 725]
591 592 [478, 477, 648, 694, 424]
592 593 [7, 713, 152, 485, 742]
593 594 [197, 232, 640, 251, 745]
594 595 [121, 167, 120, 760, 459]
595 596 [613, 723, 49, 91, 616]
596 597 [325, 283, 411, 616, 240]
597 598 [411, 278, 321, 402, 463]
598 599 [691, 288, 760, 705, 650]
599 600 [257, 668, 290, 693, 87]
600 601 [313, 38, 83, 756, 441]
601 602 [290, 468, 385, 122, 487]
602 603 [128, 270, 186, 429, 658]
604 605 [409, 502, 294, 595, 406]
605 606 [406, 399, 44, 36, 58]
606 607 [205, 742, 471, 670, 552]
607 608 [126, 293, 757, 744, 103]
608 609 [113, 164, 693, 702, 429]
609 610 [220, 696, 351, 329, 398]
610 611 [141, 223, 77, 95, 53]
611 612 [33, 15, 411, 234, 399]
612 613 [33, 435, 155, 162, 383]
613 614 [17, 590, 232, 150, 124]
614 615 [539, 311, 362, 124, 240]
615 616 [225, 427, 308, 329, 69]
616 617 [525, 172, 321, 2, 374]
617 618 [517, 471, 380, 557, 92]
618 619 [736, 504, 683, 451, 72]
619 620 [172, 720, 123, 199, 428]
620 621 [410, 494, 232, 477, 758]
621 622 [505, 721, 525, 367, 555]
622 623 [722, 581, 77, 319, 142]
623 624 [18, 292, 35, 413, 355]
624 625 [703, 426, 494, 120, 201]
625 626 [395, 472, 477, 681, 505]
626 627 [328, 590, 757, 338, 221]
627 628 [722, 729, 509, 707, 277]
628 629 [346, 423, 597, 348, 34]
629 630 [520, 430, 366, 283, 512]
630 631 [481, 221, 6, 175, 418]
631 632 [295, 421, 670, 447, 42]
632 633 [513, 231, 224, 83, 469]
633 634 [70, 521, 698, 319, 262]
634 635 [577, 759, 744, 720, 214]
635 636 [719, 383, 575, 65, 746]
636 637 [193, 257, 300, 398, 99]
637 638 [117, 417, 665, 408, 450]
638 639 [338, 173, 336, 537, 130]
639 640 [667, 31, 704, 229, 417]
640 641 [268, 483, 729, 123, 704]
641 642 [252, 419, 174, 95, 191]
642 643 [720, 755, 754, 225, 310]
643 644 [584, 397, 357, 496, 675]
644 645 [230, 704, 457, 264, 103]
645 646 [670, 316, 163, 19, 483]
646 647 [692, 428, 94, 545, 174]
647 648 [315, 385, 216, 461, 519]
648 649 [509, 468, 109, 499, 726]
649 650 [253, 665, 161, 48, 760]
650 651 [289, 403, 472, 127, 342]
651 652 [384, 175, 223, 78, 159]
652 653 [241, 568, 23, 481, 411]
653 654 [5, 69, 581, 76, 584]
654 655 [538, 236, 542, 454, 671]
655 656 [737, 184, 152, 720, 345]
656 657 [339, 127, 213, 250, 392]
657 658 [748, 339, 708, 491, 433]
659 660 [77, 649, 382, 404, 475]
660 661 [81, 629, 448, 181, 28]
661 662 [435, 313, 12, 574, 390]
662 663 [162, 429, 298, 92, 587]
663 664 [556, 474, 436, 408, 761]
664 665 [613, 386, 722, 336, 621]
665 666 [138, 260, 116, 70, 349]
666 667 [654, 513, 54, 283, 221]
667 668 [26, 412, 607, 139, 291]
668 669 [192, 709, 563, 134, 204]
669 670 [264, 355, 250, 184, 555]
670 671 [714, 526, 437, 300, 567]
671 672 [450, 540, 20, 382, 592]
672 673 [60, 457, 534, 591, 498]
673 674 [81, 706, 46, 87, 556]
674 675 [3, 192, 54, 605, 444]
675 676 [438, 269, 273, 302, 442]
676 677 [83, 41, 200, 636, 740]
677 678 [127, 445, 157, 104, 426]
678 679 [138, 535, 564, 372, 227]
679 680 [487, 123, 426, 462, 36]
680 681 [67, 305, 518, 176, 109]
681 682 [600, 238, 382, 42, 513]
682 683 [32, 104, 755, 227, 710]
683 684 [516, 741, 113, 416, 708]
684 685 [358, 331, 338, 471, 511]
685 686 [175, 40, 107, 314, 461]
686 687 [716, 348, 46, 747, 585]
687 688 [164, 594, 696, 704, 272]
688 689 [185, 264, 359, 580, 290]
689 690 [180, 440, 642, 503, 297]
690 691 [416, 561, 446, 313, 89]
691 692 [508, 655, 499, 635, 736]
692 693 [148, 129, 266, 290, 230]
693 694 [504, 146, 546, 197, 99]
694 695 [69, 640, 84, 4, 582]
696 697 [295, 506, 73, 188, 438]
697 698 [186, 58, 571, 548, 527]
698 699 [664, 297, 284, 210, 436]
699 700 [98, 483, 261, 437, 430]
700 701 [253, 504, 353, 589, 360]
701 702 [552, 15, 525, 514, 542]
702 703 [4, 473, 98, 99, 13]
703 704 [261, 98, 133, 526, 595]
704 705 [4, 399, 305, 385, 43]
705 706 [486, 487, 552, 288, 307]
706 707 [170, 367, 219, 65, 512]
707 708 [256, 130, 514, 305, 414]
708 709 [329, 522, 114, 67, 198]
709 710 [209, 101, 268, 8, 25]
710 711 [537, 600, 226, 131, 305]
711 712 [561, 310, 562, 582, 56]
712 713 [539, 263, 541, 684, 609]
713 714 [539, 55, 126, 139, 483]
714 715 [91, 130, 406, 387, 99]
715 716 [161, 438, 637, 53, 342]
716 717 [601, 60, 109, 159, 337]
717 718 [577, 101, 553, 261, 406]
718 719 [341, 227, 623, 338, 564]
719 720 [128, 337, 685, 621, 281]
720 721 [495, 411, 87, 647, 643]
721 722 [545, 327, 8, 502, 603]
722 723 [647, 99, 87, 429, 34]
723 724 [306, 670, 351, 81, 242]
724 725 [46, 114, 515, 290, 639]
725 726 [502, 482, 516, 684, 278]
726 727 [36, 568, 46, 657, 656]
727 728 [362, 436, 581, 604, 264]
728 729 [510, 529, 593, 362, 72]
729 730 [60, 236, 689, 207, 621]
730 731 [673, 473, 513, 414, 130]
731 732 [604, 141, 688, 75, 165]
732 733 [149, 469, 145, 576, 659]
733 734 [341, 526, 385, 594, 292]
734 735 [605, 323, 346, 439, 46]
735 736 [238, 537, 292, 187, 240]
736 737 [377, 633, 304, 350, 104]
737 738 [21, 664, 89, 546, 20]
738 739 [581, 252, 122, 281, 489]
739 740 [273, 1, 99, 563, 88]
740 741 [130, 372, 555, 516, 150]
741 742 [649, 458, 379, 23, 37]
742 743 [20, 10, 91, 146, 334]
743 744 [139, 10, 181, 648, 310]
744 745 [216, 621, 184, 451, 275]
745 746 [634, 73, 206, 54, 19]
746 747 [110, 131, 392, 521, 73]
747 748 [319, 166, 392, 690, 156]
748 749 [119, 121, 648, 344, 233]
749 750 [625, 647, 149, 85, 215]
750 751 [687, 63, 374, 83, 355]
751 752 [547, 504, 673, 603, 168]
752 753 [172, 271, 231, 533, 682]
753 754 [576, 615, 247, 152, 442]
754 755 [316, 339, 486, 84, 277]
755 756 [289, 445, 347, 285, 471]
756 757 [215, 688, 231, 249, 228]
757 758 [70, 429, 455, 270, 251]
758 759 [542, 101, 33, 547, 9]
759 760 [144, 9, 123, 329, 663]
760 761 [528, 81, 210, 494, 633]
761 762 [679, 393, 16, 148, 253]
762 763 [89, 339, 427, 658, 395]
763 764 [218, 452, 146, 88, 84]
764 765 [539, 364, 306, 563, 375]
