0 1 [725, 614, 629, 557, 525]
1 2 [675, 508, 727, 578, 461]
2 3 [660, 462, 474, 670, 493]
3 4 [745, 668, 497, 697, 537]
4 5 [671, 684, 623, 645, 659]
5 6 [648, 618, 460, 462, 708]
6 7 [575, 732, 616, 673, 545]
7 8 [658, 526, 673, 685, 695]
8 9 [561, 538, 715, 515, 671]
9 10 [559, 645, 696, 550, 589]
10 11 [550, 508, 475, 652, 620]
11 12 [535, 652, 502, 638, 677]
12 13 [632, 500, 637, 647, 636]
13 14 [674, 704, 633, 587, 563]
14 15 [609, 589, 640, 648, 572]
15 16 [685, 553, 466, 620, 712]
16 17 [591, 697, 681, 669, 451]
17 18 [495, 563, 602, 558, 547]
18 19 [640, 613, 666, 467, 554]
19 20 [531, 634, 498, 513, 555]
20 21 [698, 744, 524, 735, 641]
21 22 [452, 607, 497, 465, 636]
22 23 [511, 716, 587, 498, 482]
23 24 [673, 597, 735, 644, 745]
24 25 [494, 568, 550, 644, 509]
25 26 [538, 657, 575, 457, 714]
26 27 [475, 588, 573, 610, 680]
27 28 [518, 603, 597, 596, 716]
28 29 [583, 740, 650, 646, 532]
29 30 [670, 523, 743, 737, 591]
30 31 [559, 603, 730, 728, 674]
31 32 [556, 581, 472, 477, 640]
32 33 [467, 528, 543, 469, 522]
33 34 [585, 493, 620, 568, 569]
34 35 [463, 453, 721, 557, 647]
35 36 [676, 514, 489, 499, 742]
36 37 [598, 472, 658, 583, 695]
37 38 [608, 669, 734, 650, 535]
38 39 [739, 455, 640, 582, 483]
39 40 [664, 735, 509, 520, 711]
40 41 [718, 513, 614, 514, 504]
41 42 [722, 609, 660, 663, 539]
42 43 [487, 687, 496, 645, 688]
43 44 [601, 635, 716, 481, 494]
44 45 [499, 651, 475, 526, 662]
45 46 [568, 716, 646, 697, 651]
46 47 [461, 687, 546, 745, 460]
47 48 [449, 693, 684, 730, 580]
48 49 [494, 711, 669, 452, 475]
49 50 [660, 630, 713, 716, 740]
50 51 [720, 504, 502, 557, 665]
51 52 [502, 688, 563, 581, 741]
52 53 [530, 560, 743, 571, 707]
53 54 [546, 698, 740, 550, 540]
54 55 [579, 505, 701, 462, 624]
55 56 [687, 463, 467, 552, 503]
56 57 [736, 619, 501, 509, 583]
57 58 [476, 526, 731, 553, 623]
58 59 [709, 502, 507, 678, 653]
59 60 [540, 689, 490, 655, 511]
60 61 [492, 457, 604, 541, 622]
61 62 [682, 742, 708, 529, 451]
62 63 [633, 705, 657, 565, 584]
63 64 [719, 517, 523, 746, 492]
64 65 [636, 692, 652, 666, 745]
65 66 [454, 478, 499, 630, 725]
66 67 [489, 468, 584, 744, 463]
67 68 [658, 525, 645, 655, 605]
68 69 [571, 649, 716, 612, 730]
69 70 [627, 612, 566, 720, 595]
70 71 [569, 451, 665, 663, 548]
71 72 [506, 500, 676, 536, 661]
72 73 [681, 548, 482, 745, 702]
73 74 [506, 479, 647, 718, 608]
74 75 [640, 462, 450, 639, 472]
75 76 [569, 650, 572, 560, 481]
76 77 [451, 681, 707, 608, 701]
77 78 [689, 519, 582, 508, 531]
78 79 [725, 480, 547, 670, 577]
79 80 [492, 525, 719, 567, 522]
80 81 [538, 568, 515, 722, 735]
81 82 [460, 657, 591, 521, 531]
82 83 [689, 484, 660, 629, 531]
83 84 [712, 529, 499, 489, 504]
84 85 [722, 647, 596, 700, 609]
85 86 [557, 532, 597, 566, 742]
86 87 [696, 560, 526, 653, 661]
87 88 [566, 459, 606, 656, 456]
88 89 [725, 499, 678, 731, 576]
89 90 [659, 648, 502, 733, 705]
90 91 [575, 491, 584, 579, 698]
91 92 [569, 615, 518, 572, 688]
92 93 [705, 569, 701, 612, 514]
93 94 [585, 657, 510, 535, 607]
94 95 [616, 619, 696, 614, 493]
95 96 [542, 575, 559, 686, 486]
96 97 [623, 720, 564, 482, 486]
97 98 [542, 599, 619, 735, 725]
98 99 [454, 541, 572, 732, 673]
99 100 [676, 666, 613, 515, 707]
100 101 [472, 589, 593, 624, 543]
101 102 [636, 494, 461, 580, 503]
102 103 [670, 494, 694, 675, 508]
103 104 [535, 456, 585, 626, 608]
104 105 [734, 597, 672, 522, 744]
105 106 [517, 575, 685, 479, 569]
106 107 [554, 547, 542, 730, 661]
107 108 [596, 657, 631, 583, 605]
108 109 [583, 614, 449, 459, 475]
109 110 [631, 663, 723, 670, 573]
110 111 [470, 512, 484, 562, 529]
111 112 [579, 707, 688, 693, 477]
112 113 [713, 626, 582, 483, 613]
113 114 [686, 638, 648, 586, 705]
114 115 [656, 592, 462, 638, 746]
115 116 [460, 497, 614, 701, 537]
116 117 [451, 455, 468, 459, 602]
117 118 [619, 621, 667, 660, 616]
118 119 [489, 526, 622, 649, 708]
119 120 [477, 670, 566, 470, 646]
120 121 [511, 666, 456, 595, 648]
121 122 [459, 651, 520, 691, 615]
122 123 [646, 656, 733, 529, 475]
123 124 [632, 585, 474, 617, 541]
124 125 [478, 521, 730, 688, 493]
125 126 [485, 494, 563, 679, 556]
126 127 [696, 742, 591, 617, 738]
127 128 [736, 648, 572, 553, 683]
128 129 [743, 699, 620, 463, 639]
129 130 [660, 700, 516, 571, 697]
130 131 [573, 509, 712, 689, 543]
131 132 [562, 639, 617, 533, 741]
132 133 [655, 515, 683, 476, 645]
133 134 [594, 668, 543, 608, 565]
134 135 [668, 554, 535, 730, 473]
135 136 [623, 594, 498, 461, 555]
136 137 [682, 613, 659, 537, 732]
137 138 [554, 522, 682, 598, 644]
138 139 [739, 699, 612, 489, 709]
139 140 [517, 461, 472, 486, 681]
140 141 [540, 544, 725, 714, 612]
141 142 [699, 618, 593, 691, 745]
142 143 [572, 544, 631, 690, 539]
143 144 [582, 566, 525, 458, 476]
144 145 [579, 709, 629, 638, 739]
145 146 [646, 614, 496, 735, 708]
146 147 [573, 535, 508, 708, 465]
147 148 [669, 644, 674, 623, 481]
148 149 [527, 633, 500, 587, 649]
149 150 [639, 678, 712, 620, 560]
150 151 [476, 482, 514, 558, 619]
151 152 [467, 627, 473, 691, 746]
152 153 [600, 703, 584, 493, 597]
153 154 [507, 628, 586, 674, 682]
154 155 [648, 509, 550, 540, 609]
155 156 [548, 621, 656, 564, 453]
156 157 [595, 573, 498, 509, 551]
157 158 [729, 584, 467, 519, 449]
158 159 [664, 687, 472, 739, 523]
159 160 [629, 655, 452, 603, 722]
160 161 [656, 498, 739, 736, 477]
161 162 [676, 681, 725, 581, 614]
162 163 [495, 614, 691, 610, 602]
163 164 [476, 557, 469, 560, 519]
164 165 [526, 701, 566, 717, 587]
165 166 [706, 599, 696, 568, 701]
166 167 [716, 667, 604, 462, 599]
167 168 [630, 686, 685, 717, 595]
168 169 [543, 723, 596, 567, 582]
169 170 [484, 544, 693, 528, 549]
170 171 [501, 630, 522, 567, 492]
171 172 [725, 566, 676, 542, 646]
172 173 [521, 631, 703, 638, 716]
173 174 [693, 540, 625, 592, 684]
174 175 [625, 474, 492, 491, 657]
175 176 [465, 542, 481, 488, 739]
176 177 [691, 619, 456, 465, 543]
177 178 [657, 539, 533, 746, 654]
178 179 [651, 630, 737, 613, 570]
179 180 [567, 457, 679, 598, 642]
180 181 [733, 554, 722, 504, 539]
181 182 [730, 560, 581, 661, 590]
182 183 [582, 570, 716, 663, 525]
183 184 [571, 733, 736, 581, 519]
184 185 [744, 656, 622, 647, 662]
185 186 [555, 623, 515, 647, 654]
186 187 [544, 645, 702, 463, 742]
187 188 [477, 638, 675, 569, 650]
188 189 [660, 564, 544, 497, 744]
189 190 [677, 477, 608, 724, 688]
190 191 [460, 593, 530, 699, 469]
191 192 [536, 727, 715, 625, 490]
192 193 [483, 588, 631, 516, 488]
193 194 [662, 603, 642, 713, 591]
194 195 [456, 627, 582, 518, 689]
195 196 [452, 609, 672, 553, 453]
196 197 [475, 506, 620, 659, 604]
197 198 [666, 514, 531, 523, 490]
198 199 [461, 635, 670, 659, 486]
199 200 [551, 720, 493, 546, 668]
200 201 [528, 534, 542, 741, 730]
201 202 [509, 627, 503, 458, 741]
202 203 [630, 483, 686, 643, 504]
203 204 [547, 541, 674, 631, 681]
204 205 [465, 688, 726, 693, 704]
205 206 [490, 582, 684, 731, 538]
206 207 [511, 697, 589, 714, 613]
207 208 [509, 674, 595, 675, 686]
208 209 [671, 703, 556, 511, 545]
209 210 [552, 602, 578, 554, 682]
210 211 [674, 651, 738, 688, 537]
211 212 [734, 470, 707, 680, 598]
212 213 [660, 536, 716, 643, 479]
213 214 [630, 553, 621, 698, 547]
214 215 [519, 692, 543, 732, 589]
215 216 [700, 684, 465, 609, 542]
216 217 [502, 610, 513, 483, 730]
217 218 [595, 460, 691, 559, 526]
218 219 [714, 606, 633, 725, 738]
219 220 [722, 589, 577, 565, 481]
220 221 [685, 548, 668, 522, 482]
221 222 [628, 650, 714, 480, 482]
222 223 [517, 576, 563, 696, 508]
223 224 [505, 696, 579, 568, 670]
224 225 [678, 670, 515, 621, 472]
225 226 [484, 743, 623, 482, 517]
226 227 [591, 677, 725, 561, 449]
227 228 [616, 679, 599, 465, 690]
228 229 [478, 521, 671, 545, 630]
229 230 [649, 460, 659, 483, 732]
230 231 [502, 647, 729, 630, 648]
231 232 [528, 735, 583, 586, 715]
232 233 [730, 565, 710, 502, 515]
233 234 [458, 542, 472, 636, 502]
234 235 [691, 517, 473, 589, 549]
235 236 [584, 559, 613, 536, 628]
236 237 [723, 746, 509, 590, 738]
237 238 [645, 736, 463, 680, 546]
238 239 [546, 561, 562, 701, 594]
239 240 [715, 692, 478, 492, 648]
240 241 [655, 536, 657, 462, 483]
241 242 [714, 504, 501, 494, 490]
242 243 [724, 570, 507, 666, 580]
243 244 [583, 700, 545, 532, 726]
244 245 [712, 642, 554, 453, 732]
245 246 [515, 682, 686, 597, 733]
246 247 [532, 461, 553, 656, 680]
247 248 [588, 488, 554, 587, 566]
248 249 [454, 723, 491, 515, 501]
249 250 [511, 618, 582, 612, 467]
250 251 [616, 591, 542, 735, 709]
251 252 [487, 554, 552, 553, 499]
252 253 [569, 610, 521, 613, 552]
253 254 [465, 706, 629, 669, 477]
254 255 [476, 580, 550, 482, 628]
255 256 [687, 690, 601, 586, 454]
256 257 [540, 613, 584, 684, 471]
257 258 [598, 702, 549, 655, 553]
258 259 [619, 512, 535, 654, 695]
259 260 [657, 469, 651, 579, 486]
260 261 [514, 560, 574, 454, 723]
261 262 [550, 745, 642, 662, 572]
262 263 [548, 584, 664, 674, 646]
263 264 [601, 622, 551, 547, 494]
264 265 [454, 489, 554, 523, 678]
265 266 [648, 582, 556, 667, 474]
266 267 [459, 452, 725, 740, 497]
267 268 [588, 645, 587, 508, 474]
268 269 [460, 569, 658, 540, 684]
269 270 [638, 687, 649, 642, 561]
270 271 [559, 629, 676, 546, 648]
271 272 [470, 596, 504, 628, 589]
272 273 [637, 617, 460, 550, 475]
273 274 [617, 527, 705, 519, 547]
274 275 [451, 678, 675, 568, 471]
275 276 [556, 714, 474, 544, 634]
276 277 [535, 584, 531, 502, 460]
277 278 [470, 578, 607, 621, 475]
278 279 [546, 469, 631, 539, 607]
279 280 [678, 673, 512, 593, 707]
280 281 [587, 704, 688, 484, 671]
281 282 [714, 633, 485, 517, 595]
282 283 [631, 535, 508, 622, 496]
283 284 [456, 698, 487, 666, 629]
284 285 [690, 516, 574, 465, 645]
285 286 [468, 601, 514, 629, 677]
286 287 [468, 528, 513, 668, 483]
287 288 [707, 631, 647, 609, 598]
288 289 [608, 684, 514, 585, 607]
289 290 [647, 646, 681, 535, 721]
290 291 [505, 484, 556, 465, 628]
291 292 [456, 487, 554, 645, 704]
292 293 [645, 561, 535, 551, 709]
293 294 [471, 709, 633, 454, 512]
294 295 [451, 659, 625, 538, 626]
295 296 [548, 550, 737, 508, 559]
296 297 [491, 585, 577, 493, 604]
297 298 [729, 542, 631, 500, 529]
298 299 [501, 632, 529, 521, 718]
299 300 [673, 719, 558, 619, 528]
300 301 [671, 627, 680, 454, 643]
301 302 [681, 576, 717, 663, 725]
302 303 [732, 555, 537, 635, 604]
303 304 [740, 589, 646, 574, 543]
304 305 [732, 656, 543, 492, 607]
305 306 [729, 592, 519, 694, 676]
306 307 [713, 661, 652, 660, 504]
307 308 [707, 514, 632, 715, 709]
308 309 [624, 495, 600, 641, 713]
309 310 [688, 712, 512, 477, 586]
310 311 [722, 594, 599, 571, 732]
311 312 [624, 551, 743, 594, 711]
312 313 [712, 575, 561, 502, 544]
313 314 [486, 576, 669, 606, 671]
314 315 [559, 599, 618, 676, 665]
315 316 [529, 547, 604, 475, 675]
316 317 [686, 583, 613, 712, 678]
317 318 [575, 678, 576, 634, 520]
318 319 [585, 528, 495, 481, 540]
319 320 [642, 734, 526, 594, 515]
320 321 [465, 702, 534, 585, 733]
321 322 [676, 584, 720, 656, 586]
322 323 [609, 627, 600, 708, 652]
323 324 [663, 517, 729, 509, 463]
324 325 [454, 528, 612, 667, 467]
325 326 [595, 718, 510, 458, 649]
326 327 [628, 566, 700, 521, 481]
327 328 [482, 687, 665, 742, 691]
328 329 [704, 604, 588, 697, 680]
329 330 [588, 511, 664, 576, 726]
330 331 [454, 498, 676, 466, 471]
331 332 [489, 744, 451, 477, 718]
332 333 [647, 733, 679, 678, 579]
333 334 [656, 576, 506, 665, 736]
334 335 [497, 724, 670, 464, 653]
335 336 [738, 570, 492, 511, 650]
336 337 [505, 450, 696, 622, 701]
337 338 [456, 573, 557, 712, 467]
338 339 [673, 746, 533, 561, 640]
339 340 [462, 679, 672, 461, 649]
340 341 [533, 484, 553, 728, 573]
341 342 [494, 474, 503, 521, 592]
342 343 [644, 552, 674, 711, 596]
343 344 [597, 541, 473, 723, 636]
344 345 [625, 727, 658, 474, 556]
345 346 [738, 492, 589, 644, 558]
346 347 [645, 639, 492, 702, 622]
347 348 [746, 584, 492, 549, 504]
348 349 [588, 641, 580, 457, 603]
349 350 [605, 667, 694, 450, 533]
350 351 [729, 579, 706, 604, 724]
351 352 [496, 715, 525, 605, 645]
352 353 [685, 467, 550, 567, 543]
353 354 [668, 471, 529, 745, 531]
354 355 [629, 543, 581, 593, 659]
355 356 [684, 463, 739, 639, 729]
356 357 [639, 655, 500, 696, 705]
357 358 [733, 612, 693, 568, 634]
358 359 [674, 712, 731, 501, 707]
359 360 [548, 600, 743, 584, 465]
360 361 [544, 485, 630, 654, 573]
361 362 [492, 706, 699, 733, 559]
362 363 [486, 565, 573, 602, 545]
363 364 [611, 700, 639, 496, 597]
364 365 [573, 531, 467, 625, 721]
365 366 [584, 689, 616, 635, 470]
366 367 [597, 506, 722, 723, 641]
367 368 [730, 635, 574, 695, 654]
368 369 [558, 663, 677, 670, 669]
369 370 [683, 579, 680, 707, 530]
370 371 [686, 622, 487, 725, 606]
371 372 [582, 661, 687, 733, 636]
372 373 [745, 506, 564, 638, 471]
373 374 [594, 486, 627, 676, 629]
374 375 [542, 631, 720, 584, 524]
375 376 [654, 740, 639, 687, 588]
376 377 [682, 676, 689, 601, 567]
377 378 [464, 504, 511, 685, 485]
378 379 [601, 475, 457, 536, 520]
379 380 [705, 682, 499, 462, 513]
380 381 [541, 580, 557, 651, 711]
381 382 [621, 690, 578, 569, 507]
382 383 [651, 715, 642, 625, 602]
383 384 [655, 616, 687, 567, 552]
384 385 [477, 601, 528, 739, 575]
385 386 [722, 660, 509, 578, 461]
386 387 [514, 581, 666, 586, 607]
387 388 [520, 482, 686, 560, 624]
388 389 [503, 659, 717, 628, 463]
389 390 [668, 499, 610, 691, 586]
390 391 [506, 509, 492, 540, 592]
391 392 [636, 724, 604, 693, 578]
392 393 [663, 550, 618, 506, 467]
393 394 [736, 572, 679, 545, 663]
394 395 [738, 691, 659, 675, 480]
395 396 [512, 636, 538, 485, 470]
396 397 [559, 670, 674, 734, 715]
397 398 [545, 591, 623, 516, 663]
398 399 [678, 642, 513, 593, 481]
399 400 [703, 627, 688, 711, 723]
400 401 [554, 726, 721, 735, 495]
401 402 [490, 470, 728, 710, 527]
402 403 [554, 741, 553, 519, 494]
403 404 [677, 542, 486, 674, 601]
404 405 [615, 456, 737, 511, 746]
405 406 [655, 656, 689, 611, 525]
406 407 [542, 479, 481, 742, 452]
407 408 [491, 739, 566, 527, 684]
408 409 [469, 522, 741, 730, 554]
409 410 [633, 586, 678, 456, 512]
410 411 [739, 498, 684, 658, 470]
411 412 [498, 703, 675, 586, 624]
412 413 [532, 650, 621, 659, 556]
413 414 [704, 564, 552, 633, 527]
414 415 [703, 722, 591, 460, 531]
415 416 [519, 476, 701, 558, 699]
416 417 [636, 615, 678, 491, 696]
417 418 [714, 633, 514, 695, 621]
418 419 [640, 712, 454, 598, 540]
419 420 [637, 454, 541, 534, 466]
420 421 [593, 495, 608, 517, 570]
421 422 [614, 648, 457, 509, 567]
422 423 [614, 524, 505, 625, 556]
423 424 [455, 534, 585, 629, 691]
424 425 [687, 469, 575, 502, 641]
425 426 [548, 572, 645, 624, 546]
426 427 [699, 585, 603, 464, 469]
427 428 [486, 476, 667, 700, 669]
428 429 [732, 503, 640, 565, 482]
429 430 [630, 566, 531, 585, 570]
430 431 [666, 501, 620, 587, 737]
431 432 [543, 551, 741, 696, 531]
432 433 [460, 557, 701, 644, 730]
433 434 [598, 726, 516, 555, 511]
434 435 [505, 669, 621, 619, 649]
435 436 [700, 631, 575, 623, 492]
436 437 [618, 480, 559, 731, 696]
437 438 [746, 606, 613, 639, 629]
438 439 [723, 565, 515, 582, 689]
439 440 [540, 691, 514, 683, 639]
440 441 [614, 624, 677, 706, 574]
441 442 [633, 497, 484, 536, 546]
442 443 [731, 679, 558, 644, 677]
443 444 [587, 452, 606, 464, 514]
444 445 [558, 455, 570, 486, 732]
445 446 [454, 729, 711, 477, 527]
446 447 [492, 629, 713, 732, 674]
447 448 [601, 491, 537, 620, 498]
449 450 [108, 742, 91, 221, 341]
450 451 [694, 256, 201, 356, 154]
451 452 [229, 342, 601, 730, 278]
452 453 [196, 67, 360, 108, 422]
453 454 [334, 637, 219, 37, 100]
454 455 [93, 677, 35, 708, 423]
455 456 [442, 28, 129, 373, 188]
456 457 [111, 362, 163, 337, 285]
457 458 [387, 333, 381, 100, 341]
458 459 [252, 603, 690, 182, 180]
459 460 [241, 196, 602, 583, 211]
460 461 [343, 666, 596, 742, 257]
461 462 [139, 323, 6, 192, 242]
462 463 [338, 68, 312, 46, 131]
463 464 [228, 236, 249, 684, 393]
464 465 [738, 722, 638, 174, 415]
465 466 [2, 633, 664, 237, 187]
466 467 [408, 678, 703, 213, 372]
467 468 [138, 406, 432, 51, 365]
468 469 [588, 631, 640, 72, 738]
469 470 [417, 339, 42, 99, 72]
470 471 [23, 354, 606, 97, 88]
471 472 [165, 269, 215, 246, 52]
472 473 [584, 436, 315, 110, 119]
473 474 [120, 673, 91, 386, 635]
474 475 [667, 157, 129, 28, 595]
475 476 [196, 712, 6, 322, 37]
476 477 [316, 242, 651, 433, 591]
477 478 [103, 368, 124, 415, 675]
478 479 [302, 598, 620, 444, 28]
479 480 [592, 716, 728, 343, 9]
480 481 [646, 130, 396, 623, 65]
481 482 [86, 663, 698, 639, 107]
482 483 [221, 624, 429, 620, 192]
483 484 [599, 100, 597, 442, 114]
484 485 [36, 4, 675, 391, 415]
485 486 [427, 415, 239, 414, 231]
486 487 [331, 112, 312, 244, 103]
487 488 [237, 405, 320, 193, 340]
488 489 [232, 438, 191, 69, 123]
489 490 [380, 242, 400, 320, 394]
490 491 [596, 123, 386, 634, 16]
491 492 [736, 199, 104, 432, 238]
492 493 [710, 359, 248, 254, 444]
493 494 [220, 387, 127, 163, 580]
494 495 [331, 227, 730, 313, 246]
495 496 [592, 611, 250, 301, 85]
496 497 [689, 618, 597, 170, 585]
497 498 [589, 155, 412, 124, 337]
498 499 [620, 2, 98, 57, 211]
499 500 [19, 223, 618, 166, 691]
500 501 [636, 281, 58, 712, 741]
501 502 [386, 412, 700, 673, 155]
502 503 [582, 306, 656, 217, 342]
503 504 [92, 590, 102, 175, 709]
504 505 [115, 726, 351, 96, 711]
505 506 [738, 201, 261, 637, 604]
506 507 [33, 587, 316, 112, 205]
507 508 [624, 298, 198, 1, 9]
508 509 [227, 722, 445, 191, 182]
509 510 [295, 667, 0, 722, 598]
510 511 [355, 724, 2, 60, 94]
511 512 [139, 232, 353, 297, 16]
512 513 [111, 50, 676, 386, 194]
513 514 [277, 406, 134, 612, 2]
514 515 [339, 177, 412, 17, 680]
515 516 [638, 5, 285, 72, 664]
516 517 [704, 8, 87, 445, 665]
517 518 [709, 586, 695, 348, 442]
518 519 [699, 284, 44, 627, 57]
519 520 [737, 726, 685, 109, 105]
520 521 [427, 687, 116, 310, 665]
521 522 [132, 423, 698, 303, 168]
522 523 [57, 82, 659, 37, 345]
523 524 [418, 398, 288, 68, 684]
524 525 [734, 268, 53, 649, 744]
525 526 [121, 305, 643, 34, 624]
526 527 [654, 9, 201, 447, 388]
527 528 [255, 378, 88, 52, 211]
528 529 [673, 44, 386, 445, 677]
529 530 [255, 676, 65, 134, 692]
530 531 [301, 76, 413, 228, 205]
531 532 [638, 82, 674, 230, 352]
532 533 [265, 426, 644, 613, 676]
533 534 [614, 663, 604, 168, 195]
534 535 [590, 645, 335, 346, 142]
535 536 [416, 387, 297, 340, 299]
536 537 [628, 654, 675, 643, 45]
537 538 [732, 276, 403, 262, 60]
538 539 [638, 53, 59, 8, 86]
539 540 [335, 159, 242, 442, 117]
540 541 [340, 122, 52, 316, 358]
541 542 [191, 12, 107, 214, 48]
542 543 [259, 359, 41, 406, 258]
543 544 [215, 683, 131, 437, 293]
544 545 [410, 236, 272, 391, 203]
545 546 [152, 588, 274, 592, 404]
546 547 [354, 86, 214, 207, 268]
547 548 [31, 102, 286, 65, 679]
548 549 [703, 676, 702, 230, 715]
549 550 [182, 441, 109, 191, 118]
550 551 [54, 648, 137, 251, 2]
551 552 [195, 264, 679, 330, 46]
552 553 [312, 77, 28, 169, 600]
553 554 [370, 673, 62, 96, 329]
554 555 [370, 728, 438, 712, 125]
555 556 [367, 171, 618, 426, 611]
556 557 [601, 409, 60, 25, 218]
557 558 [669, 65, 149, 84, 157]
558 559 [71, 364, 224, 105, 377]
559 560 [593, 44, 272, 245, 71]
560 561 [729, 725, 74, 421, 70]
561 562 [279, 418, 598, 129, 305]
562 563 [139, 72, 53, 211, 286]
563 564 [52, 378, 580, 257, 182]
564 565 [158, 41, 700, 313, 708]
565 566 [651, 588, 276, 274, 328]
566 567 [329, 362, 75, 441, 360]
567 568 [416, 127, 133, 298, 63]
568 569 [691, 607, 436, 280, 641]
569 570 [441, 311, 583, 177, 240]
570 571 [674, 391, 410, 417, 28]
571 572 [700, 178, 60, 726, 357]
572 573 [155, 93, 686, 132, 29]
573 574 [342, 111, 668, 621, 684]
574 575 [328, 635, 694, 365, 143]
575 576 [406, 274, 722, 154, 622]
576 577 [259, 106, 323, 246, 37]
577 578 [630, 101, 191, 216, 332]
578 579 [321, 158, 419, 129, 599]
580 581 [406, 311, 536, 401, 350]
581 582 [449, 268, 13, 387, 212]
582 583 [179, 463, 57, 167, 26]
583 584 [368, 306, 204, 160, 246]
584 585 [294, 461, 454, 402, 365]
585 586 [22, 114, 223, 46, 362]
586 587 [101, 428, 407, 45, 383]
587 588 [11, 222, 177, 564, 279]
588 589 [520, 107, 317, 145, 511]
589 590 [195, 241, 412, 251, 244]
590 591 [67, 2, 119, 108, 345]
591 592 [161, 88, 130, 519, 528]
592 593 [551, 34, 531, 85, 554]
593 594 [571, 247, 453, 291, 76]
594 595 [140, 392, 109, 495, 406]
595 596 [415, 316, 288, 480, 530]
596 597 [393, 151, 447, 473, 414]
597 598 [492, 470, 72, 233, 144]
598 599 [547, 177, 384, 575, 552]
599 600 [357, 93, 369, 547, 401]
600 601 [459, 67, 452, 548, 246]
601 602 [234, 119, 19, 231, 398]
602 603 [339, 31, 192, 277, 417]
603 604 [281, 283, 414, 19, 542]
604 605 [443, 261, 196, 435, 333]
605 606 [100, 0, 283, 174, 579]
606 607 [230, 298, 519, 157, 417]
607 608 [534, 255, 388, 44, 171]
608 609 [38, 222, 416, 68, 201]
609 610 [335, 240, 5, 451, 389]
610 611 [466, 556, 422, 349, 306]
611 612 [383, 479, 337, 144, 73]
612 613 [442, 209, 335, 440, 313]
613 614 [109, 383, 442, 38, 508]
614 615 [333, 348, 76, 104, 445]
615 616 [108, 93, 62, 520, 532]
616 617 [567, 572, 448, 129, 90]
617 618 [259, 3, 517, 325, 365]
618 619 [510, 281, 562, 376, 135]
619 620 [291, 34, 385, 491, 160]
620 621 [1, 18, 239, 277, 288]
621 622 [388, 272, 505, 183, 332]
622 623 [365, 86, 48, 413, 96]
623 624 [171, 423, 376, 73, 533]
624 625 [425, 563, 207, 495, 351]
625 626 [431, 469, 213, 285, 274]
626 627 [289, 310, 142, 472, 50]
627 628 [546, 148, 83, 20, 46]
628 629 [529, 183, 469, 222, 511]
629 630 [85, 271, 241, 400, 250]
630 631 [141, 387, 173, 314, 155]
631 632 [501, 152, 575, 373, 174]
632 633 [559, 545, 476, 16, 77]
633 634 [514, 268, 293, 521, 131]
634 635 [151, 535, 76, 8, 124]
635 636 [172, 282, 269, 285, 359]
636 637 [294, 72, 451, 97, 382]
637 638 [73, 101, 201, 34, 404]
638 639 [76, 520, 234, 392, 309]
639 640 [381, 446, 34, 249, 485]
640 641 [97, 247, 579, 203, 544]
641 642 [256, 67, 310, 286, 100]
642 643 [222, 393, 285, 187, 400]
643 644 [499, 345, 515, 352, 9]
644 645 [506, 64, 142, 468, 425]
645 646 [123, 529, 387, 397, 481]
646 647 [209, 305, 236, 76, 335]
647 648 [82, 224, 31, 486, 360]
648 649 [299, 390, 287, 254, 172]
649 650 [132, 195, 514, 371, 476]
650 651 [422, 267, 190, 169, 346]
651 652 [574, 126, 308, 352, 321]
652 653 [479, 287, 455, 476, 540]
653 654 [363, 447, 1, 155, 198]
654 655 [57, 351, 177, 203, 561]
655 656 [75, 162, 49, 48, 359]
656 657 [481, 416, 211, 201, 477]
657 658 [368, 521, 69, 567, 376]
658 659 [165, 557, 521, 357, 350]
659 660 [472, 222, 139, 136, 172]
660 661 [476, 537, 396, 404, 37]
661 662 [459, 70, 412, 109, 256]
662 663 [308, 43, 281, 471, 111]
663 664 [163, 390, 152, 42, 506]
664 665 [302, 498, 58, 480, 415]
665 666 [574, 123, 56, 343, 497]
666 667 [281, 479, 531, 365, 49]
667 668 [285, 224, 75, 443, 110]
668 669 [451, 256, 467, 462, 527]
669 670 [157, 197, 82, 331, 505]
670 671 [366, 167, 181, 484, 84]
671 672 [134, 504, 296, 317, 573]
672 673 [52, 236, 35, 450, 561]
673 674 [494, 403, 422, 105, 27]
674 675 [20, 283, 241, 189, 369]
675 676 [227, 344, 34, 259, 329]
676 677 [36, 87, 527, 314, 336]
677 678 [267, 269, 245, 135, 574]
678 679 [39, 85, 548, 113, 510]
679 680 [557, 279, 276, 519, 498]
680 681 [410, 258, 311, 548, 480]
681 682 [137, 212, 254, 364, 242]
682 683 [573, 243, 533, 32, 428]
683 684 [351, 303, 205, 174, 428]
684 685 [277, 508, 285, 156, 564]
685 686 [23, 282, 511, 410, 306]
686 687 [445, 142, 161, 437, 133]
687 688 [562, 30, 54, 480, 538]
688 689 [560, 570, 247, 82, 336]
689 690 [542, 387, 368, 165, 2]
690 691 [559, 458, 450, 317, 446]
691 692 [483, 484, 372, 339, 85]
692 693 [159, 33, 102, 176, 12]
693 694 [222, 490, 73, 29, 549]
694 695 [345, 212, 79, 168, 468]
695 696 [310, 233, 446, 533, 549]
696 697 [537, 375, 79, 139, 22]
697 698 [564, 438, 358, 444, 114]
698 699 [563, 94, 148, 433, 133]
699 700 [264, 0, 482, 142, 419]
700 701 [424, 94, 8, 307, 145]
701 702 [464, 80, 386, 441, 356]
702 703 [540, 213, 63, 105, 66]
703 704 [417, 54, 334, 279, 188]
704 705 [262, 216, 178, 506, 412]
705 706 [54, 354, 359, 45, 114]
706 707 [260, 323, 305, 191, 510]
707 708 [74, 311, 250, 288, 507]
708 709 [279, 193, 381, 412, 144]
709 710 [247, 288, 127, 83, 93]
710 711 [482, 125, 405, 426, 36]
711 712 [470, 3, 308, 383, 438]
712 713 [168, 293, 81, 431, 226]
713 714 [460, 482, 176, 469, 337]
714 715 [559, 367, 536, 521, 368]
715 716 [47, 382, 502, 539, 123]
716 717 [415, 133, 10, 455, 340]
717 718 [421, 13, 121, 217, 75]
718 719 [80, 323, 32, 302, 75]
719 720 [29, 222, 44, 298, 400]
720 721 [358, 473, 432, 36, 572]
721 722 [99, 395, 500, 145, 385]
722 723 [548, 174, 62, 575, 570]
723 724 [164, 206, 293, 401, 7]
724 725 [366, 365, 421, 436, 62]
725 726 [181, 279, 114, 432, 252]
726 727 [465, 211, 61, 120, 326]
727 728 [228, 317, 302, 439, 499]
728 729 [512, 578, 527, 192, 542]
729 730 [248, 321, 287, 181, 53]
730 731 [255, 360, 127, 105, 156]
731 732 [492, 479, 75, 245, 241]
732 733 [93, 383, 335, 284, 172]
733 734 [230, 313, 475, 272, 165]
734 735 [486, 127, 120, 172, 225]
735 736 [380, 446, 305, 350, 118]
736 737 [426, 91, 395, 286, 206]
737 738 [59, 267, 406, 484, 304]
738 739 [556, 535, 543, 87, 392]
739 740 [387, 124, 38, 200, 176]
740 741 [435, 157, 324, 550, 354]
741 742 [354, 543, 447, 477, 465]
742 743 [493, 423, 407, 91, 258]
743 744 [5, 215, 82, 89, 395]
744 745 [324, 186, 319, 430, 328]
745 746 [308, 240, 38, 381, 183]
